179

11111 111111 dem 11111111111111111111111811111111111111111
111 Κ11111, 111111111111111111 11111111 17. Jhdls. 1111111·
11111111. 1111111111111. 11111111 1691, 11 11111 11811111·
111111 111 Κ111111111 111111111 Rom 1111111 111111. ⁷⁴)

3. Der 11111111 1111 11111 11111 1111111111 111 111111-
1111111111 Placet.

81 111111 1186 111 1111111111 111111111111111111111
111111111111, 111 Ρ111111111 111 Β1111011111111111111111·
11111175) 1111111111 1. 1111111 Β11111 11111111111111111
Β111111111, jone, welche 1111111111 111111111Κ1111111111
1111111111, 11 111111111111111111) 1719 1111111 Κ1111111111111
11 111 Β111111 11 Ρ11111, 1111111111 1111 1111111 Rom 11-
1111111 8111111 111 1111111111 1111111 111111 1111177) 1719
11111111 111 11111111 111 111111111111 (11111111111111111111-
11111, weil 11 1111 11111111111111111111111111111111111111
eine 1111111111Β111111 Bayern zum 11111111 1111111171) 11111
Propste von 81111 111111 1181 11111111, 1111 eines 1111111111
1111111 11111111 1111111111111111 (11111111111 11 1111111179)

4. 1111111111111111111111111 1111111111111111111111
111 Exkommunikationen. 1111111111111 war jone 111·

11111111111111111, welche mit 111 11111111111111 111 Wider·
1111111 11111.

11 111 11111111 111111111111, 111 (1111111111 11 straubing 111111 (1111111
nicht 11 1111111111 (Lori 8. 181); 1601 11 111 111111111111, 1111 11
11111, 1111 111 Β111111 111 111111 111111111111 1111111111 11111111 11-
11111111 (S. 312); 1639 111 111111111111111 soll 11111 1111111111 werden
(11811 1611 111 11111 1111111111 11101111111111111111111111111-
1111111111 1111111111 (8. 21); 1101 11111111181111111111 (1111111 11
1111111111 111111 ’111111111111 1111111111 (8.141). 1111. 1111111111-
1111, 11111111 814111. 1. - Β111.8111111111111Β11111111 11141, 111
1111111111 111 811111111111 111 Ρ111111111111 nieht zu 1111111111.
Lori S. 37.

7111111 S. ³11.

⁷⁶) Lori S. 112. 111. 8. 314 111 1111 S.

⁷⁶) Lori 8. 361.

π)111111 S. 3653 111. 1111111111, (1111111 81411 1111111111
8111111111, 8. 131 ff.

73) Lori S. ³65.

77) Lori 8. 118. 1111. 111111 S. ³⁶3: 1111111 11 111111111181.
11111 11 11111111, 11111111111111111111111 1111111111 (1719).

12·

 

