276

1111111 sich 111 1111Ιί111111 11111 1111111111 1111111111111 gagen
Vormgungon und 811111111111 111111111111111111 111 selbot
ergeben. Friedborg gibt 11181111111111111,111111111111
11111 Κ11111111111 111 1111111111 111 81111 111 1111111111111,
n‘chtig wieder, wenn 11 11111 ,111111 1111111 1111 11111111-
11111111 Β111ις111 11111 111Κ111111111111 11111111111111111
1111111 111 111 11111111111 111 8111111. Die 11111111·
1111111111 111111111 1111 11111 8111111111 member 11111111·
lichen 811111. 811 1111 111 1111111111 111111111111111
vollen 11111111111 111111, 111 11111111 111 111111 111
11111111 ’1111 111 1111111 1111111111 istm).

Nioht 1111111 111 1111 111111 111111111111111111111111 111
111 1111111111 111Κ11111 1111111111 111 11 11111111111111
111 Begriff 111 1111111 11111111, 11111 1 11 ΙΙ, 11 mgt:
ᾖ111311 1111111, 1111111 gemeinon 811111111111111111111 11
1111111111 1111111111111111111111111111111111111111 1111111.“
„Wenn 1111 111 Rechtmussigkeit 11111111111111111811111111·
11111, 111111111111111111111111 1111811111ι (ξ 11111. 11
ξ 111411. 11 1111111111 ,,11 11111 1111111, 111 (nach 111111·

³⁸) 1111111113, (1111111 8181. 111111111111. 811111. Zur
Bestfltigunss 111 (11111111 mugen 111111118111111 111 1111 1111111111
Π. 111111 111 1111111111. dienen: ξ 111 ,8111111111111111111111111111
111 11111 111111111 1111131111- 111Κ11111111111111111111 11111111 11111 in
11111 111111311111111, 111 111 111111111111131111111181111111111111131·
1111111111 11111, 11111 111 (11111111 111 8111111 11111111 ξ 111 „Die
Privat· 111 11111111111 81111111111113 111111111111111111·
111111111111 111 111 011111111111 111 8111111 1111111111.
ξ 111 ,111181111111 besum, 111 1111111111, m in 111 memlungen

111 Κ1111111111111111113111111 111 111111111111111, Κ111111111111111111.“ 1

1111 ,0118111111111 111 vom 811111111113111111 Kimhmguelluohtften
1111, 111 Β111111 111 811111, 1111111111 1111 111 111 111111111111

1111111 111 1111111111 111 111111111Β1111111 frei·. §1172 ,1118111111 ¹

1111 11 1111111111- 11111111111115111111111111 1111 1111111111 111811111
1111 Vorordnungon 1111111 1111 1113111111 111 11111111 3111111111
011111 111111111“. §1102 ,11111 1111111111 Ballou, 1111111
111 1111111111111111 1111111111 01111 111 (1111111111111 11111111 111 '
ihrer 1111111111 111 Vollntmkung 1111 811111 111 1111111113 111 Ger

nehmigung vorgelegt werden! §1³⁶2 ‚Kein auswtrtigor 11111111 1111 ,

1111111 3111111111101111 1111 1111 11 11111111111111 11111111111111111 ¹

111111 sammon!

 

