111

1111111111 8111111111) 111 11111111 111 11111111111111111111111
111 11111111 111, 1111 111111 1111111111 1111111111 1111111
Β111111 111 11111111 11 allen Zeiten nachgesucht 1111111.“
111151 „Wird von diesem 111 (11111 1111111, 11 111111
Stant 1111111111, 11181111 11 11111111111 111 1111111111
[1111111111 1111 111 111111111111111111111 1111111111 111
11111111 111111 111 81111111 11 11111111“.

Dio 111111111111111111111 1111111. 51, 1011, 1015
geben 1118111111111111 111 1111111111111111111111111111111
1111 1111111 Κ111111111111111111111 1111111111 wohl 11111111,
1111 1111111111 111 Bogn‘ff 1111111111111111111111 Allge·
meinen 1111111111 11111 111111 11111111 11159).

11111 ξ 11 11. 11 1111 111 Κ11111111111 11111111 in
Strasen 11 1111, 1111111111 1111111111 111 1111111111 11111111,
111111 111 111Ρ1111111111111111 ab ingressu 111111111 11111111
(ξ 54). 0111 1111111111 111 8111111 1111 1111111111 111
1111111 Β111111111 111 dem 1111111111 1111111111 1111111
werden (ξ 188, 11. ξ 1111111111, 111111). 1111111111111111
kann 111 11111111 111 (11111111 111Β111111111111811111·
11111111 1111 11111111111 1118111111111 11111 11111111
Zwang 11111111 (ξ 91), wie 111111 1111 1111111 111 (1111111111
111 Beiwo'nnnng 111 (1111111111111 111 vom (11111111 111
8111111111111111111111111111111111 1111 (ξ 81). 1111111111
111 1111111111111111111111111 wird „wegon 111 11111111111
111111 111 111 1111111111 11111* 11111111. (ξ 11). Die
Disziplinargewalt 1111 1111111111 111111111111111111111111Ᾰ1111
1111111111 11111 dem 11111111 11 (1 111, 111, 111), 111
8111111111] 1111 11111111 1111111111 111111111111, 1111111, 111
1111111 111 1011111111 11111 111111111111111111111111 111
111111111111111111111 1111 4 woehonflangwioriges Gessngnis
und Κ111111111111 sind 1111111111. (ξ 111). In 1111111111
111111111111111 111 (1111111111 kann sich 111 Β111111 111
11111111 1111 (111111111111111 111 111 1111111111 1111111111,
111 ihm 111 1111111111 11111111111111111111111111111 worden

ω) P. 1111111111, Die 111111111111 11111111111111 111 ι111111
1811, S. 14.

 

