,151-
1591 115155 551· Ρ55551 zu 5155555 5555115555, ,111555
“ 515 1511555555 555 Β55555 5155515 5511114)

1595 551· 1155551 155 155555 55515551, 155 555 Ex·
kommunikation der Β55555 55 8551155155 555551555515)

1598 dem 1155551155 Ρ55555, 11515551 5155 15155515, 515
11551 555 1115551 55 1111555555555555555555551511551515511151155
5515555555, 115555 55515511 ,115515551555 11155555151555
5555 5511555 555 551555 5111151 151 Η555 5555155 15555155, 515
Wir 115551 51555555 1511155181)

1598 Β51551 55 555 5515155555 5555155 am 5551155555
Η51, 115555 1151555555 5515551115555 Κ15555555555. 1535 111555
55 515 55151115555 11515 15 55555515, „dass 515 515 5555 8551115
15 Κ1555555555 versante 5555551555115555555115117) ‘

Das Dekret 1551411111515451551511 „Der 0555515511.
5515111555 Rath 5515515 1111155511. N. 55 55555155, 5555, im
1511 51 5155 55155515555 115555, 5111 1555151155 555 55
ordinario 11151555551 55555 515 555155 1155151555 1555155155
1555111555 555 515511555 155555551151155 55151155551,5555
5555 515 15151155555 55151 diesem Vorwande 55 555 55555·
mentorum 555555551155555, 5155 ihm 515 1555555115
5551155555 555 555 5155555 1155515555 551 55151115555
(1511511 551 dem 5515155555 81551 5555515151155151155 51551
5115555515 15155118)

1511 1151555 515 55151115555 11115 1515515155 551551555511,
515 55555 555 5155111 1515 551555555555555 (15555555 5555555551)

15 5551 111555 vom 85. 1555551 1545 111511 515 Ex·

kommunikation 555 5511515555 5515155555515515 „null und
nichtig“ 51111551, weil 555 55555515555 5555551555 01115151
η515115555 555511551555511155 555 5515151155 proce·
5151151155, 555 5511155 55155155ι 15155111555 55115555
155 0511515115115555 15 515 Κ11555 mit (1511511515-

³⁴) Lori S. ³62.

³⁵) 555555.

81)11515555 ΙΠ. 148.

⁸¹) Lori S. 551.

8) 11511 G. S. (1188) Β5 IV. S. 185, 140. 151. G. S. (1184)ι 115. Π.
S. 1181;11555511551 18. 8551 1154555555 S. 1555.

⁰) Lori 8. 818.

 

