h. 118188.

11. 8318111, Β81188188 818818111818818811. 1181181118 1888.

F. X. 1181881, (1888188 118 1811. 1111818 1881. 11 11881118 118111111181181
1811881818888188, V. Bd. 11811813 1888.

heodem, (1188811 8. 81811.

Bere, Der 8188118118 1811. 11118181811118881818831818 Β8181. Leipzig 1811.

K. Schenkel, Dee 81881818811 188 (1188818118311118118181. 11 1181118118888
1181111181 (188 1118811. 11881118. 111. 1. 8. 11113. 8. 48.

11 Β8181 111118 118 V. Ο. 1881 811. 181181 1830 8111181811,
welche 188 18811818 81 81181 111 81188813 81·
11811181.

Am 18. 1181 1838 813113 8118 3188818118311818
111181111888113, welche die Grenzen der 8111188111181181
1118118188138118111881881118. 1118 1118118118818118181 38381 (18181-

11818 waren eulhssig: Verweise, Geldhuseen bis 1188811181,
Suspensien 1811 Amte 811 8118818111 181 818818183181113
1118818 11 81181 1111181 1111181883 gemacht werden 811 dem
Β881181188 81811181 1181118 88 118 1181188183181183
11181. Fer 1181811113113 88118181818118181 1181818818·
38881113183 811811811.

Die 81818 8113818118 118381183181 1181118181 181111111888
811813181118118811888111811 8. 0118181 1880. Neeh
§7 dieses Gesehzes 811881 111 1811181181 118 8111 1818
1188118 1181118181 118188181188811 81838818118188Κ11818111. ’1
118 1818111318 81813811881-818188188118818 111 118 11811811-
18118118818 1111818) 1118883818381181188 1181 111881181811131
11 111811113811181811118188181111381118181 Β8118111388 1181188
jedeeh 118 Κ118181, 18181118181188 1811118181 181 818818-
38881181181811181188, 111 18118 Kirehe 181181811181 Ver·
1888113 8181 11188181811118388 Β81113111888 81181181, welche

 

