338

11313313 111.

Η31331113111 233.

3313331311, Κ11111331 313.

Bessan-Damam 313 3.

Η1313111311113318111313 311. 3. 33.
24 ff. 13. 234. 346 ff.

Η333, 1133133113131 13 1111113311
2118 ff.

Η33133131 (3331331111) 133 ff.

Η1331311133133.

1333311 der Kircheugewalt, 3111·

11111111 344. 333. 333. 333.
1311331331. 20. 21. 48. 14, 90.
94. 339, ·
333333 XXII. Papst 11.
33333331 133 Ρ3111 33. 33 3.
31111311 333 ff.
3111113133, Kaisar 1.

1113 lv.. 3133 13.

Κ1133331133111 des Landosherrn 33.
31. 31. 233162. 346.

1111331 und 111131 31. 30. 33. 33.
11 ff. 33. 3113. 1. 1131331313·
331131313131111311113113111-
mus 333333111331133111133113.

Κ1133113311113311 111 recursus 33
3331113-3. 14. 333. 133 3.
194. 2203. 224. 291. 312.
3413.

111313 11. 19. 33811.

Roburg-Gotha 333.

1111331 1111113 333.

11311131311111113 333.

113333133311331111113 13 3. 341.

3331311313

- 1133131113311 133 1313, 33 3.
- 111133113311111311338333119.
- 3313313311133 1333, 113.

113311331131. Gr. 3.

11331133113113113 3333311333 3. 13. 33.

1133313311111, 1131111 3.

113131113333113111 IV. v. 1311, 13.
113.

1811, 209 ff.

11331113333311313111 313.

1131311133 333.
1133331331311 3.

1133131113 1. 1111113313 1331. 13.

- 311333133113.
1333113111, 3113313. pronus. 333.
31311.
lagu, 3113111. 41.
113ςί1133 33. 33.
333131113333 13. 13.
Ludwig (1. Β3111 11.
1131111111 11113.
1333111133 3333331111 33.
1. Luta. Minister 333 3.

3133113313 333.

1131331311313333, 311331. 133 1313,
294 ff. 803 ff.

11311 333.

(13113133 113.

1131111131 1. Ρ31133 33. 33.

11311313131.,Κ31·31111 1. 1131311131.

Max 33131 111.. 1131111131 1. Β31113
183.

11333131 1133113111311 333 ff.

,31131113 333.

1311313313 1131 131. 33 33. 31 ff. 31.
34193199.

- 1133111311 8331311111 11.
33 ff. 34 1. 311311 3111333131-
1131133 33113131111111.

111311, 333. 331133 133.

1111113 113.

1111131331 133 031133.
1113333313 13113133, Nuntius 131.

0331331113111113331, 1133311311 331.

03311311313131 111133333131131 313 3.

0331331131 191.

03333133. 33 3. 33.

oldenburg 333.

0313131 133 1111313 3.

0133333331331111313031131311 1333.
33 3.

 

